286.993699286826
287.175936295824
287.044871605545
287.11015893832
287.252953564855
287.191178619253
287.019568580976
287.10858912575
287.174199940865
287.218466195556
287.319840904394
287.38062900716
287.467640250623
287.320761848629
287.347623574877
287.345326020762
287.406452746803
287.566343168056
287.732596590649
287.73583542263
287.608263746571
287.476898777519
287.511477713125
287.707483209457
287.775829746789
287.710434898566
287.848709420299
287.735843069665
287.640034353699
287.713449021231
287.849361451504
287.938011411195
288.095723126
287.938295622299
287.865631544713
287.839703723562
287.768612936603
287.869088072646
287.884948748458
288.028320631743
287.962500986773
287.988192903599
288.043443298355
288.006975337424
288.088444210357
288.019617122591
287.941762710718
287.906514463137
288.158683399466
288.193132422757
287.971501820017
287.88820927931
287.946622241299
288.155454317646
288.139063324707
288.209808975556
288.079981089021
288.054053194699
288.037702897299
288.05400407181
288.197023428064
288.33671278525
288.265494286419
288.003646768435
288.047175979241
288.209308546714
288.137523956974
288.21743500668
288.309680961227
288.30765631801
288.219973431779
288.142932501115
288.052255549906
288.095054358507
288.279283380155
288.28162448713
288.070191281348
288.025519707972
288.307926104901
288.280393620814
288.166906450073
288.217171009488
288.252730314127

